2025-08-02T19:34:51.702339,-0.3821,-0.5964,0.6934,18.04
2025-08-02T19:34:51.768806,-0.3784,-0.5974,0.6909,18.08
2025-08-02T19:34:51.835252,-0.3843,-0.6003,0.6943,17.89
2025-08-02T19:34:51.901675,-0.3826,-0.5972,0.6921,17.89
2025-08-02T19:34:51.968218,-0.3835,-0.5969,0.6934,17.99
2025-08-02T19:34:52.034728,-0.3799,-0.5955,0.6726,17.99
2025-08-02T19:34:52.101194,-0.3865,-0.5938,0.6946,18.04
2025-08-02T19:34:52.168021,-0.3833,-0.5984,0.7017,17.94
2025-08-02T19:34:52.234677,-0.3774,-0.6030,0.6848,17.99
2025-08-02T19:34:52.301085,-0.3833,-0.5945,0.6982,18.04
2025-08-02T19:34:52.367603,-0.3821,-0.5967,0.6853,18.04
2025-08-02T19:34:52.434925,-0.3818,-0.5964,0.6826,18.04
2025-08-02T19:34:52.501499,-0.3750,-0.5952,0.6914,18.04
2025-08-02T19:34:52.568041,-0.3826,-0.5981,0.6995,17.94
2025-08-02T19:34:52.634569,-0.3809,-0.5952,0.6953,17.94
2025-08-02T19:34:52.701045,-0.3799,-0.5977,0.6948,17.99
2025-08-02T19:34:52.767496,-0.3757,-0.5940,0.6978,18.04
2025-08-02T19:34:52.833941,-0.3801,-0.5986,0.6887,18.04
2025-08-02T19:34:52.900380,-0.3823,-0.5967,0.7021,17.99
2025-08-02T19:34:52.966922,-0.3806,-0.6025,0.7012,18.08
2025-08-02T19:34:53.033483,-0.3784,-0.5974,0.7087,17.89
2025-08-02T19:34:53.100005,-0.3765,-0.5955,0.6953,17.94
2025-08-02T19:34:53.166564,-0.3857,-0.6091,0.6970,17.94
2025-08-02T19:34:53.233157,-0.3811,-0.5918,0.7017,18.04
2025-08-02T19:34:53.299684,-0.3767,-0.6045,0.6741,17.94
2025-08-02T19:34:53.366245,-0.3809,-0.5935,0.6914,17.94
2025-08-02T19:34:53.433515,-0.3801,-0.5972,0.7009,17.94
2025-08-02T19:34:53.499932,-0.3804,-0.5974,0.6956,18.08
2025-08-02T19:34:53.566368,-0.3818,-0.5991,0.6899,18.04
2025-08-02T19:34:53.632896,-0.3765,-0.6035,0.6880,17.94
2025-08-02T19:34:53.699403,-0.3821,-0.6035,0.6870,18.04
2025-08-02T19:34:53.765920,-0.4417,-0.5994,0.6819,17.89
2025-08-02T19:34:53.832711,-0.3872,-0.6128,0.6772,17.99
2025-08-02T19:34:53.899353,-0.3760,-0.6116,0.6724,17.99
2025-08-02T19:34:53.965980,-0.3862,-0.6194,0.6646,18.04
2025-08-02T19:34:54.032542,-0.3809,-0.6221,0.6841,17.99
2025-08-02T19:34:54.099138,-0.3838,-0.6077,0.6960,18.08
2025-08-02T19:34:54.165861,-0.3823,-0.6011,0.6973,18.04
2025-08-02T19:34:54.232399,-0.3547,-0.3372,1.0330,18.04
2025-08-02T19:34:54.299024,-0.4124,-0.7957,0.9819,18.08
2025-08-02T19:34:54.366030,-0.2285,-0.5977,0.3716,17.99
2025-08-02T19:34:54.435136,-0.0237,-0.8542,0.1919,17.99
2025-08-02T19:34:54.501865,0.0139,-0.8469,0.3979,18.04
2025-08-02T19:34:54.568435,-0.2058,-0.6516,0.5601,18.04
2025-08-02T19:34:54.635098,-0.1201,-0.4697,0.4800,17.99
2025-08-02T19:34:54.701685,-0.2849,-0.7473,0.7966,18.08
2025-08-02T19:34:54.768422,-0.1152,-0.6462,0.3457,17.99
2025-08-02T19:34:54.835324,-0.2864,-0.9775,0.5369,18.04
2025-08-02T19:34:54.902145,-0.2673,-0.7710,0.5391,17.99
2025-08-02T19:34:54.969753,-0.3472,-0.8423,0.6760,17.94
2025-08-02T19:34:55.040611,-0.3376,-0.6375,0.6384,17.94
2025-08-02T19:34:55.108267,-0.3875,-0.4998,0.5510,17.99
2025-08-02T19:34:55.175427,-0.3640,-0.6619,0.5754,17.89
2025-08-02T19:34:55.243030,-0.3606,-0.6045,0.6812,17.94
2025-08-02T19:34:55.310595,-0.4414,-0.5684,0.8635,17.94
2025-08-02T19:34:55.378082,-0.3840,-0.6470,0.6506,18.04
2025-08-02T19:34:55.445296,-0.4021,-0.6277,0.6602,17.99
2025-08-02T19:34:55.517265,-0.3813,-0.6338,0.6533,18.13
2025-08-02T19:34:55.587818,-0.3860,-0.6255,0.6709,17.99
2025-08-02T19:34:55.654889,-0.3828,-0.6267,0.6626,17.89
2025-08-02T19:34:55.722019,-0.3857,-0.6262,0.6653,18.04
2025-08-02T19:34:55.788761,-0.3999,-0.6296,0.6672,18.04
2025-08-02T19:34:55.855458,-0.3889,-0.6250,0.6699,17.99
2025-08-02T19:34:55.922023,-0.3818,-0.6252,0.6692,18.08
2025-08-02T19:34:55.989195,-0.3801,-0.6187,0.6606,17.94
2025-08-02T19:34:56.058393,-0.3779,-0.6091,0.6858,17.99
2025-08-02T19:34:56.125141,-0.3804,-0.6177,0.6763,17.99
2025-08-02T19:34:56.191813,-0.3787,-0.6169,0.6729,18.04
2025-08-02T19:34:56.272014,-0.3872,-0.6272,0.6736,17.99
2025-08-02T19:34:56.338829,-0.3872,-0.6260,0.6714,17.99
2025-08-02T19:34:56.405703,-0.3870,-0.6218,0.6636,17.94
2025-08-02T19:34:56.472388,-0.3818,-0.6218,0.6606,17.99
2025-08-02T19:34:56.539130,-0.3809,-0.6228,0.6721,18.04
2025-08-02T19:34:56.605874,-0.3872,-0.6277,0.6685,18.04
2025-08-02T19:34:56.672505,-0.3840,-0.6267,0.6741,18.04
2025-08-02T19:34:56.739528,-0.3838,-0.6262,0.6702,17.94
2025-08-02T19:34:56.806972,-0.3818,-0.6162,0.6812,18.08
2025-08-02T19:34:56.873577,-0.3835,-0.6213,0.6714,17.99
2025-08-02T19:34:56.940808,-0.3860,-0.6201,0.6604,17.99
2025-08-02T19:34:57.007571,-0.3813,-0.6257,0.6594,18.04
2025-08-02T19:34:57.074293,-0.3857,-0.6226,0.6582,18.04
2025-08-02T19:34:57.140925,-0.3833,-0.6208,0.6570,17.99
2025-08-02T19:34:57.207586,-0.3882,-0.6196,0.6672,17.99
2025-08-02T19:34:57.274457,-0.3818,-0.6252,0.6704,17.94
2025-08-02T19:34:57.345236,-0.3860,-0.6177,0.6660,18.04
